Naprawić egzekucje modelu
Zmienić całą klasę perceptron oraz neural network
Ustalić ilość warst ukrytych oraz ogólnie neuronów (nie od ilości danych wejściowych)


vect:
[1, 1, 1, 1, 1, 2, 1, 2, 1, 1, 1],
[1, 1],
[1, 1, 1],
[1, 1, 1, 1, 1, 1],
[1, 1, 1, 1, 1, 1, 1, 1, 1, 1, 1],
[1, 1],
[1, 1, 1, 1, 1, 1, 2, 1, 1, 2, 1, 1, 1, 1, 1, 1],
[1, 1, 1, 1, 1, 1, 1, 1, 1, 1, 1, 1, 1, 1],
[1, 1, 1, 1, 1, 1, 1, 1, 1],
[1],
[1, 1],
[1, 1, 1, 1, 1, 1],
[1],
[1, 1, 1, 1],
[1, 1],
[1, 1, 1, 1, 1, 1],
[1],
1, 1, 1, 1, 1, 1, 1, 1, 1],
1, 1, 1],
[1, 1, 1, 1],
[1, 1, 1],
[1, 1, 1, 1, 1, 1, 1, 2, 1, 1, 2],
[1, 1, 1, 1],
[1, 1, 1, 1, 1, 1, 1, 1],
[1, 1, 1, 1, 2, 2],
[1, 1, 1, 1, 1],
[2, 1, 1, 1, 1, 1, 1, 1, 2, 1, 1, 1, 1],
[1, 1, 1, 1, 1, 1],
[1, 1, 1],
[1, 1, 1, 1, 1],
[1, 1, 1, 1, 1],
[1, 6, 1, 6, 1, 6, 1, 1, 6, 1, 1, 6, 1, 6, 1]
[1, 1, 1, 1, 5, 5, 1, 1, 1, 1, 5, 5, 5, 1, 1]
[4, 4, 1, 2, 1, 1, 1, 4, 1, 1, 1, 2, 4, 1]
[1, 3, 1, 1, 1, 3, 1, 1, 1, 1, 1, 1, 3]
